money: '2000000000'
logoutlocation:
  world: world
  x: 155.8135011993356
  y: 69.46112892441093
  z: 250.02514612074208
  yaw: -46.350002
  pitch: -11.400009
timestamps:
  logout: 1725015902582
  login: 1725015335382
ipAddress: 127.0.0.1
lastlocation:
  world: world
  x: 202.27326444355506
  y: 86.7102220949024
  z: 293.1199671566427
  yaw: 102.599976
  pitch: 38.099995
