world: 073837f9-90e6-481c-8fa0-97d47e485558
world-name: world
x: 1.0358178190836947E7
y: 64.0
z: -1.9703446436554395E7
yaw: -67.64556884765625
pitch: 79.79999542236328
name: 3rdrun
lastowner: 3aa10d45-6372-352e-b9af-2eba497ed912
