world: 073837f9-90e6-481c-8fa0-97d47e485558
world-name: world
x: -1.4370238108918097E7
y: 93.0
z: 1.984172849240843E7
yaw: -151.574462890625
pitch: 16.199993133544922
name: brick
lastowner: 3aa10d45-6372-352e-b9af-2eba497ed912
