world: 073837f9-90e6-481c-8fa0-97d47e485558
world-name: world
x: -1.4370238103041368E7
y: 93.0
z: 1.9841724981549967E7
yaw: -93.5242919921875
pitch: 10.05000114440918
name: burber
lastowner: 3aa10d45-6372-352e-b9af-2eba497ed912
