world: 073837f9-90e6-481c-8fa0-97d47e485558
world-name: world
x: -7039429.5
y: -40807.357863363526
z: -2.89752355E7
yaw: -176.45086669921875
pitch: -90.0
name: death
lastowner: 3aa10d45-6372-352e-b9af-2eba497ed912
