world: 073837f9-90e6-481c-8fa0-97d47e485558
world-name: world
x: 281.6472532456531
y: 72.0
z: -482.9006388620284
yaw: -75.42776489257812
pitch: 5.099991798400879
name: gab
lastowner: 3aa10d45-6372-352e-b9af-2eba497ed912
