world: 073837f9-90e6-481c-8fa0-97d47e485558
world-name: world
x: 370.56295530813253
y: 71.0
z: -444.93468070326975
yaw: 358.2222595214844
pitch: 8.699993133544922
name: kity
lastowner: 3aa10d45-6372-352e-b9af-2eba497ed912
