world: 073837f9-90e6-481c-8fa0-97d47e485558
world-name: world
x: -7039418.515795129
y: 72.0
z: -2.8975238406278126E7
yaw: -271.4010314941406
pitch: 19.4999942779541
name: newme
lastowner: 3aa10d45-6372-352e-b9af-2eba497ed912
