world: 073837f9-90e6-481c-8fa0-97d47e485558
world-name: world
x: 349.0483404808777
y: 93.0
z: -385.57553207858086
yaw: -93.57776641845703
pitch: -10.650009155273438
name: pizza
lastowner: 3aa10d45-6372-352e-b9af-2eba497ed912
