world: d6bab4c9-3640-403b-bb60-b096f758389d
world-name: world_nether
x: -879935.4894369948
y: 60.0
z: -3621907.298915404
yaw: -58.25103759765625
pitch: 11.399992942810059
name: portal
lastowner: 3aa10d45-6372-352e-b9af-2eba497ed912
