world: 073837f9-90e6-481c-8fa0-97d47e485558
world-name: world
x: -3.9581572774360216
y: 63.0
z: 5.627585691707369
yaw: 212.198974609375
pitch: 32.999996185302734
name: roadto1000
lastowner: 3aa10d45-6372-352e-b9af-2eba497ed912
