world: 073837f9-90e6-481c-8fa0-97d47e485558
world-name: world
x: 227.33278645466524
y: 21.0
z: -459.3551635253049
yaw: -179.45806884765625
pitch: 20.9999942779541
name: taco
lastowner: 3aa10d45-6372-352e-b9af-2eba497ed912
