world: ed8bfccc-4fe1-421d-a09a-fcd8c87b50a4
world-name: world
x: -32.699560226797885
y: 69.0
z: 258.03897353773823
yaw: 184.289306640625
pitch: 14.249993324279785
name: home
lastowner: 3aa10d45-6372-352e-b9af-2eba497ed912
