world: ed8bfccc-4fe1-421d-a09a-fcd8c87b50a4
world-name: world
x: 1787.9383331565941
y: 73.0
z: -1407.3214724356585
yaw: 354.3000183105469
pitch: 1.9499921798706055
name: newhome
lastowner: 3aa10d45-6372-352e-b9af-2eba497ed912
