world: ed8bfccc-4fe1-421d-a09a-fcd8c87b50a4
world-name: world
x: 43.79965617141288
y: 71.0
z: 268.6728785660587
yaw: -92.7611083984375
pitch: -2.849992275238037
name: observatory
lastowner: 3aa10d45-6372-352e-b9af-2eba497ed912
