timestamps:
  login: 1716982606025
  logout: 1716986422023
ipAddress: 127.0.0.1
logoutlocation:
  world: world
  x: 247.8617531614032
  y: 7.0
  z: 230.41539193641415
  yaw: -266.25024
  pitch: -19.35001
