timestamps:
  login: 1717002113848
  logout: 1717003944372
  mute: 0
ipAddress: 127.0.0.1
logoutlocation:
  world: world
  x: 243.76249998807904
  y: 56.0
  z: 303.79687775784396
  yaw: -254.25006
  pitch: 27.149994
muted: false
