money: '1000000000'
logoutlocation:
  world: world
  x: 191.24185722586898
  y: 66.0
  z: 252.19941812085443
  yaw: 83.54995
  pitch: 29.55001
timestamps:
  logout: 1724866089689
  login: 1724866121339
ipAddress: 127.0.0.1
lastlocation:
  world: world
  x: 187.69999998807907
  y: 63.0
  z: 238.9651758779961
  yaw: 90.450005
  pitch: 40.050003
