timestamps:
  login: 1716987000696
  logout: 1716987457245
ipAddress: 127.0.0.1
logoutlocation:
  world: world
  x: 250.12361956004452
  y: 7.0
  z: 227.47724347853108
  yaw: -90.30029
  pitch: 24.749994
