timestamps:
  login: 1717075670955
  logout: 1717075846805
  mute: 0
ipAddress: 127.0.0.1
logoutlocation:
  world: world
  x: 47.966767998265894
  y: 71.0
  z: 456.1873338610518
  yaw: 339.29977
  pitch: 28.499994
muted: false
