timestamps:
  login: 1716481761795
  lastteleport: 1716481906945
  logout: 1716482611294
ipAddress: 127.0.0.1
lastlocation:
  world: world
  x: 217.18684634548214
  y: 64.0
  z: 307.87892335649786
  yaw: -111.30007
  pitch: 10.799993
logoutlocation:
  world: world
  x: 243.4161310430713
  y: 16.0
  z: 295.30000001192093
  yaw: -175.9502
  pitch: 53.249996
