money: '1000000000'
logoutlocation:
  world: world
  x: 196.35904588939903
  y: 67.0
  z: 289.81678227481547
  yaw: 245.55005
  pitch: 35.849995
timestamps:
  logout: 1724932133801
  login: 1724931909152
ipAddress: 127.0.0.1
lastlocation:
  world: world
  x: 234.10099594506258
  y: 70.1707870772188
  z: 232.15893801099838
  yaw: 28.199972
  pitch: -27.750013
