timestamps:
  login: 1717068423335
  logout: 1717068919714
  mute: 0
ipAddress: 127.0.0.1
logoutlocation:
  world: world
  x: 243.28768447925296
  y: 56.0
  z: 303.4360722479005
  yaw: -331.9502
  pitch: 45.299995
muted: false
