timestamps:
  login: 1723466334561
  logout: 1717075846805
  mute: 0
ipAddress: 127.0.0.1
logoutlocation:
  world: world
  x: 204.2257312222755
  y: 69.0
  z: 227.0990596172931
  yaw: -289.05002
  pitch: 18.299994
muted: false
