money: '1000000000'
logoutlocation:
  world: world
  x: 186.32233051019566
  y: 75.56127188303182
  z: 282.2339948044602
  yaw: 84.59999
  pitch: 7.200009
timestamps:
  logout: 1724930434543
  login: 1724930725011
ipAddress: 127.0.0.1
lastlocation:
  world: world
  x: 234.10099594506258
  y: 70.1707870772188
  z: 232.15893801099838
  yaw: 28.199972
  pitch: -27.750013
