money: '2000000000'
logoutlocation:
  world: world
  x: 186.0
  y: 66.0
  z: 236.0
  yaw: 0.0
  pitch: 0.0
timestamps:
  logout: 1724935293575
  login: 1724934884770
ipAddress: 127.0.0.1
lastlocation:
  world: world
  x: 202.27326444355506
  y: 86.7102220949024
  z: 293.1199671566427
  yaw: 102.599976
  pitch: 38.099995
