logoutlocation:
  world: world
  x: 192.7665050528857
  y: 67.0
  z: 282.27931869847976
  yaw: 142.05002
  pitch: 7.950001
timestamps:
  logout: 1724932136301
  login: 1724932035551
ipAddress: 127.0.0.1
lastlocation:
  world: world
  x: 164.9571505751927
  y: 65.4895526239049
  z: 239.60082021920647
  yaw: -118.35009
  pitch: 30.149994
