timestamps:
  login: 1717068320258
  lastteleport: 1717066910166
  logout: 1717068186212
ipAddress: 127.0.0.1
logoutlocation:
  world: world
  x: 242.28382104385634
  y: 56.0
  z: 304.0617616706055
  yaw: -198.00002
  pitch: 40.199997
lastlocation:
  world: world
  x: 242.71485731043177
  y: 56.0
  z: 309.66417611824204
  yaw: -74.09958
  pitch: 7.6499925
afk: false
godmode: false
