timestamps:
  login: 1716988666831
  lastteleport: 1716986256930
  logout: 1716988697481
ipAddress: 127.0.0.1
logoutlocation:
  world: world
  x: 223.5651281425027
  y: 64.0
  z: 309.78976712588354
  yaw: 297.74988
  pitch: 45.599995
lastlocation:
  world: world
  x: 230.08095417698877
  y: 55.0
  z: 307.70693227175525
  yaw: 267.7505
  pitch: 16.649994
