logoutlocation:
  world: world
  x: 186.06248750689602
  y: 78.89254191964082
  z: 279.2458212389035
  yaw: -185.85007
  pitch: -4.5000086
timestamps:
  logout: 1724866267189
  login: 1724930711932
ipAddress: 127.0.0.1
lastlocation:
  world: world
  x: 164.9571505751927
  y: 65.4895526239049
  z: 239.60082021920647
  yaw: -118.35009
  pitch: 30.149994
