logoutlocation:
  world: world
  x: 190.18971912435183
  y: 70.81398295929239
  z: 250.33131111960478
  yaw: 2.8500001
  pitch: 29.249994
timestamps:
  logout: 1725015847581
  login: 1725016010935
ipAddress: 127.0.0.1
lastlocation:
  world: world
  x: 175.5
  y: 97.99999992538758
  z: 277.5
  yaw: -134.1
  pitch: 7.5000086
