timestamps:
  login: 1716982361161
  lastteleport: 1716986256930
  logout: 1716986429523
ipAddress: 127.0.0.1
logoutlocation:
  world: world
  x: 221.30000001192093
  y: 64.0
  z: 309.30000001192093
  yaw: 287.40027
  pitch: 27.149994
lastlocation:
  world: world
  x: 221.0
  y: 68.0
  z: 309.0
  yaw: -89.55001
  pitch: 34.050003
