timestamps:
  login: 1716986770453
  lastteleport: 1716986256930
  logout: 1716987319745
ipAddress: 127.0.0.1
logoutlocation:
  world: world
  x: 225.34031044805636
  y: 64.0
  z: 309.8356146399742
  yaw: 323.3999
  pitch: 45.00001
lastlocation:
  world: world
  x: 230.08095417698877
  y: 55.0
  z: 307.70693227175525
  yaw: 267.7505
  pitch: 16.649994
