timestamps:
  login: 1717074384444
  lastteleport: 1717066910166
  logout: 1717074299394
ipAddress: 127.0.0.1
logoutlocation:
  world: world
  x: 242.34454632687346
  y: 56.0
  z: 308.6597651124483
  yaw: 270.30008
  pitch: 27.449995
lastlocation:
  world: world
  x: 242.71485731043177
  y: 56.0
  z: 309.66417611824204
  yaw: -74.09958
  pitch: 7.6499925
afk: false
godmode: false
