timestamps:
  login: 1723466335778
  lastteleport: 1717066910166
  logout: 1717075856805
ipAddress: 127.0.0.1
logoutlocation:
  world: world
  x: 172.4945929072786
  y: 65.0
  z: 243.77390654780135
  yaw: 183.15015
  pitch: 38.549995
lastlocation:
  world: world
  x: 242.71485731043177
  y: 56.0
  z: 309.66417611824204
  yaw: -74.09958
  pitch: 7.6499925
afk: false
godmode: false
