timestamps:
  login: 1717003068273
  lastteleport: 1716986256930
  logout: 1717004079372
ipAddress: 127.0.0.1
logoutlocation:
  world: world
  x: 221.30000001192093
  y: 64.0
  z: 309.30000001192093
  yaw: -72.14966
  pitch: 12.149994
lastlocation:
  world: world
  x: 230.08095417698877
  y: 55.0
  z: 307.70693227175525
  yaw: 267.7505
  pitch: 16.649994
afk: false
godmode: false
