logoutlocation:
  world: world
  x: 94.71289703582931
  y: 81.63669635564278
  z: 282.6401818685868
  yaw: -90.450005
  pitch: 90.0
timestamps:
  logout: 1724935693575
  login: 1724935516288
ipAddress: 127.0.0.1
lastlocation:
  world: world
  x: 99.36175720827359
  y: 63.169497220869054
  z: 281.06231839834936
  yaw: -89.4
  pitch: 90.0
