timestamps:
  login: 1716482492794
  logout: 1716482518794
ipAddress: 127.0.0.1
logoutlocation:
  world: world
  x: 273.6132090051299
  y: 37.0
  z: 314.07499998807907
  yaw: -355.52066
  pitch: 35.84999
