timestamps:
  login: 1717075706659
  lastteleport: 1717066910166
  logout: 1717075856805
ipAddress: 127.0.0.1
logoutlocation:
  world: world
  x: 242.30000001192093
  y: 56.0
  z: 309.69999998807907
  yaw: 193.9501
  pitch: 18.749992
lastlocation:
  world: world
  x: 242.71485731043177
  y: 56.0
  z: 309.66417611824204
  yaw: -74.09958
  pitch: 7.6499925
afk: false
godmode: false
