logoutlocation:
  world: world
  x: 186.06248750689602
  y: 78.89254191964082
  z: 279.2458212389035
  yaw: -185.85007
  pitch: -4.5000086
timestamps:
  logout: 1724866267189
  login: 1724928951598
ipAddress: 127.0.0.1
lastlocation:
  world: world
  x: 177.68290713612794
  y: 71.24087318467548
  z: 237.98991145743946
  yaw: -286.65002
  pitch: 59.549995
