timestamps:
  login: 1716982163571
ipAddress: 127.0.0.1
logoutlocation:
  world: world
  x: 221.30000001192093
  y: 64.0
  z: 309.30000001192093
  yaw: -58.500004
  pitch: 27.150002
