timestamps:
  login: 1725015945892
  logout: 1725015955081
ipAddress: 127.0.0.1
logoutlocation:
  world: world
  x: 187.69220283104642
  y: 91.50880705638399
  z: 281.30000001192093
  yaw: -183.42413
  pitch: 65.04196
afk: false
lastlocation:
  world: world
  x: 200.94483845599586
  y: 89.65626109022689
  z: 285.47797555952604
  yaw: -102.00033
  pitch: 43.949997
money: '1'
