timestamps:
  login: 1724929474694
  logout: 1724929524543
ipAddress: 127.0.0.1
logoutlocation:
  world: world
  x: 181.61119013410408
  y: 67.0
  z: 271.27374201328126
  yaw: -177.75006
  pitch: 19.199993
