timestamps:
  login: 1716983484223
  logout: 1716983877023
ipAddress: 127.0.0.1
logoutlocation:
  world: world
  x: 209.57745378545079
  y: 55.0
  z: 290.32267144536706
  yaw: -200.17935
  pitch: 21.158106
