timestamps:
  login: 1724935524026
  logout: 1724935686075
ipAddress: 127.0.0.1
logoutlocation:
  world: world
  x: 196.08559234335286
  y: 68.0
  z: 231.93352771889056
  yaw: 79.8
  pitch: -5.5499926
afk: false
lastlocation:
  world: world
  x: 200.94483845599586
  y: 89.65626109022689
  z: 285.47797555952604
  yaw: -102.00033
  pitch: 43.949997
money: '1'
