timestamps:
  login: 1716987586396
  logout: 1716987669981
ipAddress: 127.0.0.1
logoutlocation:
  world: world
  x: 258.8609574750103
  y: 49.0
  z: 302.30000001192093
  yaw: 98.12695
  pitch: 30.284386
