timestamps:
  login: 1724933530485
  logout: 1724932871415
ipAddress: 127.0.0.1
logoutlocation:
  world: world
  x: 145.75203927252545
  y: 63.0
  z: 255.82469075020788
  yaw: -270.75024
  pitch: 11.849993
