timestamps:
  login: 1716987414096
  logout: 1716987439745
ipAddress: 127.0.0.1
logoutlocation:
  world: world
  x: 242.2703846959978
  y: 56.0
  z: 305.5203538732769
  yaw: -147.6756
  pitch: 42.878654
