timestamps:
  login: 1716482123602
  lastteleport: 1716481937495
  logout: 1716482246294
ipAddress: 127.0.0.1
lastlocation:
  world: world
  x: 238.29557189654165
  y: 65.0
  z: 308.9624938853303
  yaw: -36.505127
  pitch: 42.345943
logoutlocation:
  world: world
  x: 255.42041191075884
  y: 54.0
  z: 304.63785581636284
  yaw: 306.40106
  pitch: 6.950843
