timestamps:
  login: 1717074149645
  logout: 1717075519394
  mute: 0
ipAddress: 127.0.0.1
logoutlocation:
  world: world
  x: 255.4910377871405
  y: 49.0
  z: 305.69999998807907
  yaw: 168.65369
  pitch: 35.42484
muted: false
