timestamps:
  login: 1717002664823
  logout: 1717002766872
  mute: 0
ipAddress: 127.0.0.1
logoutlocation:
  world: world
  x: 209.99206280663856
  y: 56.0
  z: 296.6038072092114
  yaw: 125.68762
  pitch: 53.038563
muted: true
